-306		68		145			0		0		0		0			42		50		2			105		150			6			7		1
-306		145		70			0		0		0		0			42		2		50			105		6			150			7		1
-370		68		70			0		0		0		0			2		50		50			6		150			150			7		1
-341		70		0			0		0		0		0			21		50		2			75		150			6			7		1
-251		68		70			0		0		0		0			2		50		50			6		150			150			7		1
-256		5		0			0		0		0		0			5		50		2			15		150			6			7		1
-286		120		0			0		0		0		0			15		15		2			45		45			6			7		1
-286		65		0			0		0		0		0			10		8		15			30		24			45			14		1
-331		50		100			0		0		0		0			5		5		5			15		15			15			18		1

-178		68		145			0		0		0		0			42		50		2			105		150			6			7		1
-178		145		70			0		0		0		0			42		2		50			105		6			150			7		1
-242		68		70			0		0		0		0			2		50		50			6		150			150			7		1
-213		70		0			0		0		0		0			21		50		2			75		150			6			7		1
-123		68		70			0		0		0		0			2		50		50			6		150			150			7		1
-128		5		0			0		0		0		0			5		50		2			15		150			6			7		1
-158		120		0			0		0		0		0			15		15		2			45		45			6			7		1
-158		65		0			0		0		0		0			10		8		15			30		24			45			14		1
-203		50		100			0		0		0		0			5		5		5			15		15			15			18		1

-50			68		145			0		0		0		0			42		50		2			105		150			6			7		1
-50			145		70			0		0		0		0			42		2		50			105		6			150			7		1
-114		68		70			0		0		0		0			2		50		50			6		150			150			7		1
-85			70		0			0		0		0		0			21		50		2			75		150			6			7		1
5			68		70			0		0		0		0			2		50		50			6		150			150			7		1
0			5		0			0		0		0		0			5		50		2			15		150			6			7		1
-30			120		0			0		0		0		0			15		15		2			45		45			6			7		1
-30			65		0			0		0		0		0			10		8		15			30		24			45			14		1
-75			50		100			0		0		0		0			5		5		5			15		15			15			18		1

78			68		145			0		0		0		0			42		50		2			105		150			6			7		1
78			145		70			0		0		0		0			42		2		50			105		6			150			7		1
14			68		70			0		0		0		0			2		50		50			6		150			150			7		1
43			70		0			0		0		0		0			21		50		2			75		150			6			7		1
133			68		70			0		0		0		0			2		50		50			6		150			150			7		1
128			5		0			0		0		0		0			5		50		2			15		150			6			7		1
98			120		0			0		0		0		0			15		15		2			45		45			6			7		1
98			65		0			0		0		0		0			10		8		15			30		24			45			14		1
53			50		100			0		0		0		0			5		5		5			15		15			15			18		1

206			68		145			0		0		0		0			42		50		2			105		150			6			7		1
206			145		70			0		0		0		0			42		2		50			105		6			150			7		1
142			68		70			0		0		0		0			2		50		50			6		150			150			7		1
171			70		0			0		0		0		0			21		50		2			75		150			6			7		1
259			68		70			0		0		0		0			2		50		50			6		150			150			7		1
256			5		0			0		0		0		0			5		50		2			15		150			6			7		1
226			120		0			0		0		0		0			15		15		2			45		45			6			7		1
226			65		0			0		0		0		0			10		8		15			30		24			45			14		1
181			50		100			0		0		0		0			5		5		5			15		15			15			18		1

-434		68		401		0		0		0		0			42		50		2			105		150			6			7		1
-434		145		326		0		0		0		0			42		2		50			105		6			150			7		1
-498		68		326		0		0		0		0			2		50		50			6		150			150			7		1
-469		70		256		0		0		0		0			21		50		2			75		150			6			7		1
-379		68		326		0		0		0		0			2		50		50			6		150			150			7		1
-384		5		256		0		0		0		0			5		50		2			15		150			6			7		1
-414		120		256		0		0		0		0			15		15		2			45		45			6			7		1
-414		65		256		0		0		0		0			10		8		15			30		24			45			14		1
-459		50		356		0		0		0		0			5		5		5			15		15			15			18		1

-434		68		529		0		0		0		0			42		50		2			105		150			6			7		1
-434		145		453		0		0		0		0			42		2		50			105		6			150			7		1
-498		68		453		0		0		0		0			2		50		50			6		150			150			7		1
-469		70		384		0		0		0		0			21		50		2			75		150			6			7		1
-379		68		453		0		0		0		0			2		50		50			6		150			150			7		1
-384		5		384		0		0		0		0			5		50		2			15		150			6			7		1
-414		120		384		0		0		0		0			15		15		2			45		45			6			7		1
-414		65		384		0		0		0		0			10		8		15			30		24			45			14		1
-459		50		484		0		0		0		0			5		5		5			15		15			15			18		1

-434		68		657		0		0		0		0			42		50		2			105		150			6			7		1
-434		145		581		0		0		0		0			42		2		50			105		6			150			7		1
-498		68		581		0		0		0		0			2		50		50			6		150			150			7		1
-469		70		512		0		0		0		0			21		50		2			75		150			6			7		1
-379		68		581		0		0		0		0			2		50		50			6		150			150			7		1
-384		5		512		0		0		0		0			5		50		2			15		150			6			7		1
-414		120		512		0		0		0		0			15		15		2			45		45			6			7		1
-414		65		512		0		0		0		0			10		8		15			30		24			45			14		1
-459		50		612		0		0		0		0			5		5		5			15		15			15			18		1

-434		68		785		0		0		0		0			42		50		2			105		150			6			7		1
-434		145		709		0		0		0		0			42		2		50			105		6			150			7		1
-498		68		709		0		0		0		0			2		50		50			6		150			150			7		1
-469		70		640		0		0		0		0			21		50		2			75		150			6			7		1
-379		68		709		0		0		0		0			2		50		50			6		150			150			7		1
-384		5		640		0		0		0		0			5		50		2			15		150			6			7		1
-414		120		640		0		0		0		0			15		15		2			45		45			6			7		1
-414		65		640		0		0		0		0			10		8		15			30		24			45			14		1
-459		50		740		0		0		0		0			5		5		5			15		15			15			18		1

-434		68		913		0		0		0		0			42		50		2			105		150			6			7		1
-434		145		838		0		0		0		0			42		2		50			105		6			150			7		1
-498		68		838		0		0		0		0			2		50		50			6		150			150			7		1
-469		70		768		0		0		0		0			21		50		2			75		150			6			7		1
-379		68		838		0		0		0		0			2		50		50			6		150			150			7		1
-384		5		768		0		0		0		0			5		50		2			15		150			6			7		1
-414		120		768		0		0		0		0			15		15		2			45		45			6			7		1
-414		65		768		0		0		0		0			10		8		15			30		24			45			14		1
-459		50		868		0		0		0		0			5		5		5			15		15			15			18		1

-306		68		1041	0		0		0		0			42		50		2			105		150			6			7		1
-306		145		966		0		0		0		0			42		2		50			105		6			150			7		1
-370		68		966		0		0		0		0			2		50		50			6		150			150			7		1
-341		70		896		0		0		0		0			21		50		2			75		150			6			7		1
-251		68		966		0		0		0		0			2		50		50			6		150			150			7		1
-256		5		896		0		0		0		0			5		50		2			15		150			6			7		1
-286		120		896		0		0		0		0			15		15		2			45		45			6			7		1
-286		65		896		0		0		0		0			10		8		15			30		24			45			14		1
-331		50		996		0		0		0		0			5		5		5			15		15			15			18		1

-178		68		1041	0		0		0		0			42		50		2			105		150			6			7		1
-178		145		966		0		0		0		0			42		2		50			105		6			150			7		1
-242		68		966		0		0		0		0			2		50		50			6		150			150			7		1
-213		70		896		0		0		0		0			21		50		2			75		150			6			7		1
-123		68		966		0		0		0		0			2		50		50			6		150			150			7		1
-128		5		896		0		0		0		0			5		50		2			15		150			6			7		1
-158		120		896		0		0		0		0			15		15		2			45		45			6			7		1
-158		65		896		0		0		0		0			10		8		15			30		24			45			14		1
-203		50		996		0		0		0		0			5		5		5			15		15			15			18		1

-50			68		1041		0		0		0		0			42		50		2			105		150			6			7		1
-50			145		966			0		0		0		0			42		2		50			105		6			150			7		1
-114		68		966			0		0		0		0			2		50		50			6		150			150			7		1
-85			70		896			0		0		0		0			21		50		2			75		150			6			7		1
5			68		966			0		0		0		0			2		50		50			6		150			150			7		1
0			5		896			0		0		0		0			5		50		2			15		150			6			7		1
-30			120		896			0		0		0		0			15		15		2			45		45			6			7		1
-30			65		896			0		0		0		0			10		8		15			30		24			45			14		1
-75			50		996			0		0		0		0			5		5		5			15		15			15			18		1

78			68		1041		0		0		0		0			42		50		2			105		150			6			7		1
78			145		966			0		0		0		0			42		2		50			105		6			150			7		1
14			68		966			0		0		0		0			2		50		50			6		150			150			7		1
43			70		896			0		0		0		0			21		50		2			75		150			6			7		1
133			68		966			0		0		0		0			2		50		50			6		150			150			7		1
128			5		896			0		0		0		0			5		50		2			15		150			6			7		1
98			120		896			0		0		0		0			15		15		2			45		45			6			7		1
98			65		896			0		0		0		0			10		8		15			30		24			45			14		1
53			50		996			0		0		0		0			5		5		5			15		15			15			18		1

206			68		1041		0		0		0		0			42		50		2			105		150			6			7		1
206			145		966			0		0		0		0			42		2		50			105		6			150			7		1
142			68		966			0		0		0		0			2		50		50			6		150			150			7		1
171			70		896			0		0		0		0			21		50		2			75		150			6			7		1
259			68		966			0		0		0		0			2		50		50			6		150			150			7		1
256			5		896			0		0		0		0			5		50		2			15		150			6			7		1
226			120		896			0		0		0		0			15		15		2			45		45			6			7		1
226			65		896			0		0		0		0			10		8		15			30		24			45			14		1
181			50		996			0		0		0		0			5		5		5			15		15			15			18		1

462		68		913		0		0		0		0			42		50		2			105		150			6			7		1
462		145		838		0		0		0		0			42		2		50			105		6			150			7		1
398		68		838		0		0		0		0			2		50		50			6		150			150			7		1
427		70		768		0		0		0		0			21		50		2			75		150			6			7		1
515		68		838		0		0		0		0			2		50		50			6		150			150			7		1
512		5		768		0		0		0		0			5		50		2			15		150			6			7		1
482		120		768		0		0		0		0			15		15		2			45		45			6			7		1
482		65		768		0		0		0		0			10		8		15			30		24			45			14		1
437		50		868		0		0		0		0			5		5		5			15		15			15			18		1

462		68		785		0		0		0		0			42		50		2			105		150			6			7		1
462		145		709		0		0		0		0			42		2		50			105		6			150			7		1
398		68		709		0		0		0		0			2		50		50			6		150			150			7		1
427		70		640		0		0		0		0			21		50		2			75		150			6			7		1
515		68		709		0		0		0		0			2		50		50			6		150			150			7		1
512		5		640		0		0		0		0			5		50		2			15		150			6			7		1
482		120		640		0		0		0		0			15		15		2			45		45			6			7		1
482		65		640		0		0		0		0			10		8		15			30		24			45			14		1
437		50		740		0		0		0		0			5		5		5			15		15			15			18		1

462		68		657		0		0		0		0			42		50		2			105		150			6			7		1
462		145		581		0		0		0		0			42		2		50			105		6			150			7		1
398		68		581		0		0		0		0			2		50		50			6		150			150			7		1
427		70		512		0		0		0		0			21		50		2			75		150			6			7		1
515		68		581		0		0		0		0			2		50		50			6		150			150			7		1
512		5		512		0		0		0		0			5		50		2			15		150			6			7		1
482		120		512		0		0		0		0			15		15		2			45		45			6			7		1
482		65		512		0		0		0		0			10		8		15			30		24			45			14		1
437		50		612		0		0		0		0			5		5		5			15		15			15			18		1

590		68		657		0		0		0		0			42		50		2			105		150			6			7		1
590		145		581		0		0		0		0			42		2		50			105		6			150			7		1
526		68		581		0		0		0		0			2		50		50			6		150			150			7		1
555		70		512		0		0		0		0			21		50		2			75		150			6			7		1
643		68		581		0		0		0		0			2		50		50			6		150			150			7		1
640		5		512		0		0		0		0			5		50		2			15		150			6			7		1
610		120		512		0		0		0		0			15		15		2			45		45			6			7		1
610		65		512		0		0		0		0			10		8		15			30		24			45			14		1
565		50		612		0		0		0		0			5		5		5			15		15			15			18		1

334		68		657		0		0		0		0			42		50		2			105		150			6			7		1
334		145		581		0		0		0		0			42		2		50			105		6			150			7		1
270		68		581		0		0		0		0			2		50		50			6		150			150			7		1
299		70		512		0		0		0		0			21		50		2			75		150			6			7		1
387		68		581		0		0		0		0			2		50		50			6		150			150			7		1
384		5		512		0		0		0		0			5		50		2			15		150			6			7		1
354		120		512		0		0		0		0			15		15		2			45		45			6			7		1
354		65		512		0		0		0		0			10		8		15			30		24			45			14		1
309		50		612		0		0		0		0			5		5		5			15		15			15			18		1

846		68		145		0		0		0		0			42		50		2			105		150			6			7		1
846		145		70		0		0		0		0			42		2		50			105		6			150			7		1
782		68		70		0		0		0		0			2		50		50			6		150			150			7		1
811		70		0		0		0		0		0			21		50		2			75		150			6			7		1
899		68		70		0		0		0		0			2		50		50			6		150			150			7		1
899		5		0		0		0		0		0			5		50		2			15		150			6			7		1
866		120		0		0		0		0		0			15		15		2			45		45			6			7		1
866		65		0		0		0		0		0			10		8		15			30		24			45			14		1
821		50		100		0		0		0		0			5		5		5			15		15			15			18		1

974		68		145		0		0		0		0			42		50		2			105		150			6			7		1
974		145		70		0		0		0		0			42		2		50			105		6			150			7		1
910		68		70		0		0		0		0			2		50		50			6		150			150			7		1
939		70		0		0		0		0		0			21		50		2			75		150			6			7		1
1027	68		70		0		0		0		0			2		50		50			6		150			150			7		1
1027	5		0		0		0		0		0			5		50		2			15		150			6			7		1
994		120		0		0		0		0		0			15		15		2			45		45			6			7		1
994		65		0		0		0		0		0			10		8		15			30		24			45			14		1
949		50		100		0		0		0		0			5		5		5			15		15			15			18		1

1102		68		145		0		0		0		0			42		50		2			105		150			6			7		1
1102		145		70		0		0		0		0			42		2		50			105		6			150			7		1
1038		68		70		0		0		0		0			2		50		50			6		150			150			7		1
1067		70		0		0		0		0		0			21		50		2			75		150			6			7		1
1155		68		70		0		0		0		0			2		50		50			6		150			150			7		1
1152		5		0		0		0		0		0			5		50		2			15		150			6			7		1
1122		120		0		0		0		0		0			15		15		2			45		45			6			7		1
1122		65		0		0		0		0		0			10		8		15			30		24			45			14		1
1077		50		100		0		0		0		0			5		5		5			15		15			15			18		1

1102		68		273		0		0		0		0			42		50		2			105		150			6			7		1
1102		145		198		0		0		0		0			42		2		50			105		6			150			7		1
1038		68		198		0		0		0		0			2		50		50			6		150			150			7		1
1067		70		128		0		0		0		0			21		50		2			75		150			6			7		1
1155		68		198		0		0		0		0			2		50		50			6		150			150			7		1
1152		5		128		0		0		0		0			5		50		2			15		150			6			7		1
1122		120		128		0		0		0		0			15		15		2			45		45			6			7		1
1122		65		128		0		0		0		0			10		8		15			30		24			45			14		1
1077		50		228		0		0		0		0			5		5		5			15		15			15			18		1

1102		68		401		0		0		0		0			42		50		2			105		150			6			7		1
1102		145		326		0		0		0		0			42		2		50			105		6			150			7		1
1038		68		326		0		0		0		0			2		50		50			6		150			150			7		1
1067		70		256		0		0		0		0			21		50		2			75		150			6			7		1
1155		68		326		0		0		0		0			2		50		50			6		150			150			7		1
1152		5		256		0		0		0		0			5		50		2			15		150			6			7		1
1122		120		256		0		0		0		0			15		15		2			45		45			6			7		1
1122		65		256		0		0		0		0			10		8		15			30		24			45			14		1
1077		50		356		0		0		0		0			5		5		5			15		15			15			18		1

1102		68		529		0		0		0		0			42		50		2			105		150			6			7		1
1102		145		454		0		0		0		0			42		2		50			105		6			150			7		1
1038		68		454		0		0		0		0			2		50		50			6		150			150			7		1
1067		70		384		0		0		0		0			21		50		2			75		150			6			7		1
1155		68		454		0		0		0		0			2		50		50			6		150			150			7		1
1152		5		384		0		0		0		0			5		50		2			15		150			6			7		1
1122		120		384		0		0		0		0			15		15		2			45		45			6			7		1
1122		65		384		0		0		0		0			10		8		15			30		24			45			14		1
1077		50		484		0		0		0		0			5		5		5			15		15			15			18		1

1102		68		657		0		0		0		0			42		50		2			105		150			6			7		1
1102		145		582		0		0		0		0			42		2		50			105		6			150			7		1
1038		68		582		0		0		0		0			2		50		50			6		150			150			7		1
1067		70		512		0		0		0		0			21		50		2			75		150			6			7		1
1155		68		582		0		0		0		0			2		50		50			6		150			150			7		1
1152		5		512		0		0		0		0			5		50		2			15		150			6			7		1
1122		120		512		0		0		0		0			15		15		2			45		45			6			7		1
1122		65		512		0		0		0		0			10		8		15			30		24			45			14		1
1077		50		612		0		0		0		0			5		5		5			15		15			15			18		1

1102		68		785		0		0		0		0			42		50		2			105		150			6			7		1
1102		145		710		0		0		0		0			42		2		50			105		6			150			7		1
1038		68		710		0		0		0		0			2		50		50			6		150			150			7		1
1067		70		640		0		0		0		0			21		50		2			75		150			6			7		1
1155		68		710		0		0		0		0			2		50		50			6		150			150			7		1
1152		5		640		0		0		0		0			5		50		2			15		150			6			7		1
1122		120		640		0		0		0		0			15		15		2			45		45			6			7		1
1122		65		640		0		0		0		0			10		8		15			30		24			45			14		1
1077		50		740		0		0		0		0			5		5		5			15		15			15			18		1

1102		68		913		0		0		0		0			42		50		2			105		150			6			7		1
1102		145		838		0		0		0		0			42		2		50			105		6			150			7		1
1038		68		838		0		0		0		0			2		50		50			6		150			150			7		1
1067		70		768		0		0		0		0			21		50		2			75		150			6			7		1
1155		68		838		0		0		0		0			2		50		50			6		150			150			7		1
1152		5		768		0		0		0		0			5		50		2			15		150			6			7		1
1122		120		768		0		0		0		0			15		15		2			45		45			6			7		1
1122		65		768		0		0		0		0			10		8		15			30		24			45			14		1
1077		50		868		0		0		0		0			5		5		5			15		15			15			18		1

1102		68		1041		0		0		0		0			42		50		2			105		150			6			7		1
1102		145		966		0		0		0		0			42		2		50			105		6			150			7		1
1038		68		966		0		0		0		0			2		50		50			6		150			150			7		1
1067		70		896		0		0		0		0			21		50		2			75		150			6			7		1
1155		68		966		0		0		0		0			2		50		50			6		150			150			7		1
1152		5		896		0		0		0		0			5		50		2			15		150			6			7		1
1122		120		896		0		0		0		0			15		15		2			45		45			6			7		1
1122		65		896		0		0		0		0			10		8		15			30		24			45			14		1
1077		50		996		0		0		0		0			5		5		5			15		15			15			18		1

1230		68		145		0		0		0		0			42		50		2			105		150			6			7		1
1230		145		70		0		0		0		0			42		2		50			105		6			150			7		1
1166		68		70		0		0		0		0			2		50		50			6		150			150			7		1
1195		70		0		0		0		0		0			21		50		2			75		150			6			7		1
1283		68		70		0		0		0		0			2		50		50			6		150			150			7		1
1280		5		0		0		0		0		0			5		50		2			15		150			6			7		1
1250		120		0		0		0		0		0			15		15		2			45		45			6			7		1
1250		65		0		0		0		0		0			10		8		15			30		24			45			14		1
1205		50		100		0		0		0		0			5		5		5			15		15			15			18		1

1358		68		145		0		0		0		0			42		50		2			105		150			6			7		1
1358		145		70		0		0		0		0			42		2		50			105		6			150			7		1
1294		68		70		0		0		0		0			2		50		50			6		150			150			7		1
1323		70		0		0		0		0		0			21		50		2			75		150			6			7		1
1411		68		70		0		0		0		0			2		50		50			6		150			150			7		1
1408		5		0		0		0		0		0			5		50		2			15		150			6			7		1
1378		120		0		0		0		0		0			15		15		2			45		45			6			7		1
1378		65		0		0		0		0		0			10		8		15			30		24			45			14		1
1333		50		100		0		0		0		0			5		5		5			15		15			15			18		1

-1330		128		657		0		0		0		0			42		50		2			105		150			6			7		1
-1330		205		582		0		0		0		0			42		2		50			105		6			150			7		1
-1394		128		582		0		0		0		0			2		50		50			6		150			150			7		1
-1365		130		512		0		0		0		0			21		50		2			75		150			6			7		1
-1275		128		582		0		0		0		0			2		50		50			6		150			150			7		1
-1280		125		512		0		0		0		0			5		50		2			15		150			6			7		1
-1310		150		512		0		0		0		0			15		15		2			45		45			6			7		1
-1310		105		512		0		0		0		0			10		8		15			30		24			45			14		1
-1355		90		612		0		0		0		0			5		5		5			15		15			15			18		1

-1330		128		401		0		0		0		0			42		50		2			105		150			6			7		1
-1330		205		326		0		0		0		0			42		2		50			105		6			150			7		1
-1394		128		326		0		0		0		0			2		50		50			6		150			150			7		1
-1365		130		256		0		0		0		0			21		50		2			75		150			6			7		1
-1275		128		326		0		0		0		0			2		50		50			6		150			150			7		1
-1280		125		256		0		0		0		0			5		50		2			15		150			6			7		1
-1310		150		256		0		0		0		0			15		15		2			45		45			6			7		1
-1310		105		256		0		0		0		0			10		8		15			30		24			45			14		1
-1355		90		356		0		0		0		0			5		5		5			15		15			15			18		1

-1330		108		273		0		0		0		0			42		50		2			105		150			6			7		1
-1330		185		197		0		0		0		0			42		2		50			105		6			150			7		1
-1394		108		197		0		0		0		0			2		50		50			6		150			150			7		1
-1365		110		128		0		0		0		0			21		50		2			75		150			6			7		1
-1275		108		197		0		0		0		0			2		50		50			6		150			150			7		1
-1280		105		128		0		0		0		0			5		50		2			15		150			6			7		1
-1310		120		128		0		0		0		0			15		15		2			45		45			6			7		1
-1310		65		128		0		0		0		0			10		8		15			30		24			45			14		1
-1355		50		228		0		0		0		0			5		5		5			15		15			15			18		1

-1330		108		17		0		0		0		0			42		50		2			105		150			6			7		1
-1330		185		-59		0		0		0		0			42		2		50			105		6			150			7		1
-1394		108		-59		0		0		0		0			2		50		50			6		150			150			7		1
-1365		110		-128	0		0		0		0			21		50		2			75		150			6			7		1
-1275		108		-59		0		0		0		0			2		50		50			6		150			150			7		1
-1280		105		-128	0		0		0		0			5		50		2			15		150			6			7		1
-1310		120		-128	0		0		0		0			15		15		2			45		45			6			7		1
-1310		65		-128	0		0		0		0			10		8		15			30		24			45			14		1
-1355		90		-28		0		0		0		0			5		5		5			15		15			15			18		1

-1330		108		-111		0		0		0		0			42		50		2			105		150			6			7		1
-1330		185		-187		0		0		0		0			42		2		50			105		6			150			7		1
-1394		108		-197		0		0		0		0			2		50		50			6		150			150			7		1
-1365		110		-256		0		0		0		0			21		50		2			75		150			6			7		1
-1275		108		-187		0		0		0		0			2		50		50			6		150			150			7		1
-1280		105		-256		0		0		0		0			5		50		2			15		150			6			7		1
-1310		120		-256		0		0		0		0			15		15		2			45		45			6			7		1
-1310		65		-256		0		0		0		0			10		8		15			30		24			45			14		1
-1355		50		-156		0		0		0		0			5		5		5			15		15			15			18		1

-1250		150		0			0		0		0		0			2		120		250			6		360			750			7		1
-1250		150		750			0		0		0		0			2		120		250			6		360			750			7		1
1000		150		1100		0		0		0		0			500		120		2			1500	360			6			7		1
-500		150		1100		0		0		0		0			500		120		2			1500	360			6			7		1
1000		150		-380		0		0		0		0			500		120		2			1500	360			6			7		1
-500		150		-380		0		0		0		0			500		120		2			1500	360			6			7		1

1700		150		30			0		0		0		0			2		120		240			6		360			720			7		1
1700		225		-355		0		0		0		0			2		70		17			6		210			34			7		1
1700		150		750			0		0		0		0			2		120		250			6		360			750			7		1

//PosX,	PosY,   	PosZ,		Angle,	RotateX,RotateY,RotateZ,	ScaleX, ScaleY, ScaleZ,			OffsetX,    	OffsetY, 	OffsetZ,    	GeoType,  	Active

//Geotype 7 	= WALL
//Geotype 8 	= DOOR
//Geotype 9 	= BENCH
//Geotype 10	= TABLE
//Geotype 11	= TOILET
//Geotype 12	= CCTV
//Geotype 13	= DESK
//Geotype 14	= CELL_DOOR
//Geotype 15	= MIN_SEC_DOOR
//Geotype 16	= MED_SEC_DOOR
//Geotype 17	= MAX_SEC_DOOR
//Geotype 18	= BED
//Geotype 19	= STOOL
//Geotype 20	= MIN_SEC_KEY
//Geotype 21	= MED_SEC_KEY
//Geotype 22	= MAX_SEC_KEY
//Geotype 23	= INMATE_ARM
//Geotype 24	= INMATE_LEG
//Geotype 25	= INMATE_BODY
//Geotype 26	= INMATE_HEAD
//Geotype 27	= GUARD_ARM
//Geotype 28	= GUARD_LEG
//Geotype 29	= GUARD_BODY
//Geotype 30	= GUARD_HEAD
//Geotype 31	= WARDEN_ARM
//Geotype 32	= WARDEN_LEG
//Geotype 33	= WARDEN_BODY
//Geotype 34	= WARDEN_HEAD
//Geotype 35	= BATON
//Geotype 36	= CHAIR
//Geotype 37	= FLASHLIGHT
//Geotype 38	= CARROT
//Geotype 39	= CONTAINER
//Geotype 40	= DONUT
//Geotype 41	= ORANGE
//Geotype 42	= RICE
//Geotype 43	= FORK
//Geotype 44	= SPOON
//Geotype 45	= BOOK_1
//Geotype 46	= BOOK_2
//Geotype 47	= BOOKSHELF
//Geotype 48	= COMPUTER MONITOR 1
//Geotype 49	= COMPUTER MONITOR 2
//Geotype 50	= CUPBOARD 1
//Geotype 51	= CUPBOARD 2
//Geotype 52	= HANGING LIGHT
//Geotype 53	= PLYER
//Geotype 54	= POSTER 1
//Geotype 55	= POSTER 2
//Geotype 56	= RAILING
//Geotype 57	= REFRIGERATOR
//Geotype 58	= SCREWDRIVER
//Geotype 59	= TOILET
//Geotype 60	= WINDOW